############################################################
# Means and covariances for multivar normal distributions  #
############################################################

# Cov matrix and mean values for (alphaB_0, m, w0, wa)
# For Lambda=0 model
shift_priors.cov = [[1.475445777466729835e-01, -9.158378030738448250e-02, 1.600070739263222477e-02, -4.691159908495760172e-02], [-9.158378030738448250e-02, 7.761529939698871838e-02, -8.731968080709279212e-03, 3.255623292443659417e-02], [1.600070739263222477e-02, -8.731968080709279212e-03, 4.131231868262336127e-03, -7.899530437508165207e-03], [-4.691159908495760172e-02, 3.255623292443659417e-02, -7.899530437508165207e-03, 5.160919994281844975e-02]]

shift_priors.means = [1.534602995024722860e+00, 1.446140822451854158e+00, -1.159165921443276792e+00, -8.840540983797349206e-01]

# For Lambda!=0 model
shift_priors.covL = [[2.310965600404941978e-01, -5.108065433863359650e-02, 1.362944165161098301e-02, -4.151180990973317442e-02], [-5.108065433863359650e-02, 8.748174668072518367e-02, -7.522831551402990764e-03, 2.179273994523188429e-02], [1.362944165161098301e-02, -7.522831551402990764e-03, 3.542845242063886926e-03, -1.734055387990229543e-03], [-4.151180990973317442e-02, 2.179273994523188429e-02, -1.734055387990229543e-03, 5.893762816485757783e-02]]

shift_priors.meansL = [9.544502771958417453e-01, 1.425537991298429175e+00, -1.180298238020327739e+00, -7.962461102728217721e-01]
